2051436
4319464
7054374
7504038
9621308
10577767
19054149
20611965
20923065
26107800
28583662
31643742
35814485
41295817
41809252
42480211
43694050
43782971
44091769
48116630
48967941
51076134
52717177
56788756
59516718
62288795
62737113
62837120
64845241
70856138
72016971
73701645
78666704
79906255
81144321
82869391
84644779
85372705
88844913
90019593
95977907
96290655
97702451
99115087
99725346
101976384
103372934
105435664
106761513
108019215
108930129
109886637
110828767
110874953
114748804
115432708
117098556
117584654
118779495
119068269
119264392
119863038
122064088
124299422
125841083
129426036
134188131
134950014
139799735
143188061
143219562
144314303
146510629
153165624
154273185
154449068
156674696
158773532
158793174
159508137
160782476
163092996
170869199
172143582
173480695
173642392
173658848
176185159
181616615
182753769
183689197
190927453
196975865
197084988
206035281
208658109
210994284
211367220
215747014
219998044
224083809
226052940
227890179
228705645
231785927
238053416
240466867
244479525
244570845
245156588
245924124
249771125
250035615
250258949
251616622
255762718
255983708
257197294
258969643
265387799
267763963
267898965
269620299
272791119
273274613
273409071
276312076
277695360
279036009
282161265
285986595
286652296
286951387
287222787
288976167
290952870
292843196
294021443
294871557
299524415
302616807
302927949
303000150
303333405
303419021
308981128
317162672
318163076
318548212
318928027
321548553
323406914
324249292
329358426
335430752
335742461
336724860
339786704
339920533
343605096
344657296
345920616
346442658
346801209
348100177
348442842
350803879
351004027
351585922
356431177
363268055
363757335
365842390
366517017
367803494
368900322
377166555
379852046
381218910
382449995
384441545
384509534
387645878
388140815
388789050
388791726
393778797
396861513
398306993
400986994
406058796
409526314
410672950
411410699
412256567
412734712
414162173
421728410
428205906
430634165
434563417
435097882
435131788
435736980
440290438
441307548
441964172
442475183
442733314
448776445
449807561
451528627
452453216
455915889
456154190
457039284
461608998
464550271
468589485
469876107
470868625
471439375
472824371
474921069
476914934
477428425
478162680
478686830
479588024
481102029
484542505
486242393
489312401
489652397
490862142
491178928
495201051
495879907
498933709
503382105
503871770
504458987
504792776
504914117
510136240
511289510
515042654
516373868
516633960
517475419
519619880
519975412
520221255
522724791
523256490
525292986
526903817
528195573
530320530
532305201
536963796
537320685
539128170
540798969
543462724
548426963
552714376
555012429
555154122
559656164
563919145
565056091
571881428
573450315
574819449
576057271
580454614
583170165
583583768
585319210
585932752
588039787
589206904
591980774
592996261
593008575
593164179
593595388
601844871
603935855
605063222
608386521
610623863
611017436
611252209
613620540
616227472
620460498
624118573
624769914
626059241
628692154
633529031
634807161
638537309
640566678
640876590
645477641
646486599
648441401
652503612
653210422
654903793
660723326
661709859
664897915
670195192
680017588
680094504
680610637
685211602
687664390
689931678
691387970
691405858
691468462
691747343
696376408
696898669
697452751
699008651
699035394
700660532
704017785
705248558
705613779
710531701
712049324
712630364
714098667
716248053
716913979
720331005
720514085
724636448
727502921
727878818
730770489
730856073
732855839
735190199
737487266
740771106
744181374
745474370
746901861
747617436
748516216
749000994
749806719
751829046
756508050
760214921
760787816
763580257
763708430
768462271
770275636
770359850
773945225
774130522
774713965
777253089
778808415
779311508
787892314
791858663
792799694
794720768
798084493
803991041
806491034
810271523
816549621
820921481
821880880
826254498
826548436
829258799
832648645
834305286
835638495
836530020
837509845
837818862
838828226
839017916
841253645
842403573
843853577
844137875
845225652
845728119
847366868
848833341
850874953
855565143
857614676
860791357
861368748
862682980
863279790
869950282
871147077
876590725
876885623
881315867
881384503
882887935
887860290
888819905
890916984
891481733
893332115
894514363
896410065
900127688
900140587
901537666
901796282
903137840
908136474
910362940
910705662
910733467
911413352
918319173
922949260
926263324
927061298
928975707
929026140
930181478
931603539
932331462
936584641
938035565
938504998
938657913
940508042
940894547
941871297
942019584
942968445
944225085
946085982
950951998
953608720
956349356
956393866
956663776
959897089
960820500
963932553
965550579
967428849
970043365
970425814
972444465
977090783
980521033
982663356
983558751
985933495
985952145
987489878
990966430
991271141
991412358
991600374
997451605
1002639383
1003243335
1004355055
1004633926
1004748934
1011599492
1012682047
1013182622
1014290093
1017369235
1017897346
1019985312
1024013023
1030357495
1031257068
1032067343
1035270511
1040383261
1040623053
1040789523
1041387028
1043360149
1052732900
1054366228
1057287660
1059336017
1061528486
1063758181
1064042226
1064065423
1064599822
1066360405
1069330222
1069388893
1071023813
1072509102
1081373064
1082332613
1082349869
1083149590
1084174504
1086076385
1099357433
1099643141
1100708350
1101953170
1104818310
1106308559
1108632975
1114867309
1120165653
1120938330
1124130356
1124742911
1125109183
1126779340
1128995601
1141986553
1142896110
1144772423
1148702472
1155626673
1158715459
1159432840
1160517803
1161461470
1162036509
1163558923
1170259060
1172982697
1174765886
1176299705
1177826361
1183974775
1184287092
1189291034
1190597602
1191129229
1191681265
1199074121
1201587680
1203922769
1206158209
1213107797
1213551712
1213826620
1214003524
1214103748
1214302338
1215549175
1215624253
1215693263
1215878056
1216322919
1218207249
1220280412
1221040829
1222065867
1223651877
1223858705
1227875119
1235346882
1235703189
1237702751
1240091893
1240382180
1246263570
1249480780
1262973124
1264661204
1265912218
1269510734
1273872177
1275989169
1280799178
1281252183
1283650347
1288333454
1291908895
1295960785
1297282119
1300877368
1300880265
1303364703
1303670338
1306074938
1311031191
1311738311
1312693134
1318524398
1318734379
1318918222
1319454070
1320486455
1321466461
1329052235
1330466351
1331148785
1334791929
1336566483
1337054055
1337455144
1338847973
1339385196
1347147674
1349808663
1352430633
1355408455
1357715888
1360864064
1364741111
1367176592
1373553695
1380879214
1381040743
1386418375
1392528939
1396249596
1398053257
1402506634
1405669022
1408057020
1409984794
1411966381
1414399365
1415962089
1416944429
1417220981
1422169722
1426771444
1427337156
1429836841
1432658503
1436579058
1436773406
1439604652
1442564539
1442591749
1446484579
1446664073
1451602891
1452082333
1456230698
1457783271
1460043454
1460915031
1467481575
1470197117
1470464696
1475468794
1476449560
1476627151
1477369507
1477473293
1478049575
1479506344
1481907086
1482164513
1482994477
1483891071
1486326859
1486440985
1487172958
1490193606
1491948865
1491997698
1492727572
1495673776
1498757370
1500329516
1503288764
1503701923
1504256329
1505163354
1507159073
1508296964
1511821635
1514544862
1515948810
1517723380
1522430368
1522946219
1525857919
1526097571
1526288895
1528112180
1529267377
1530869113
1536479740
1536834657
1536981068
1543462415
1547704298
1550310325
1551766622
1552065380
1556608314
1557058283
1558267417
1558623365
1562991319
1572735985
1575039147
1575530838
1579624815
1580472991
1580672711
1583819187
1585143558
1588610373
1590603277
1591601409
1593875640
1598359987
1602097575
1609617993
1610555607
1611075298
1620716130
1621662328
1623137780
1623309548
1623352934
1624986973
1627082899
1628588201
1630128911
1630145355
1630666338
1630989220
1631086028
1632900845
1636690183
1636862922
1643749745
1644103987
1646243630
1646801544
1651816935
1655920506
1657917371
1657933408
1657992763
1658315213
1661431335
1667270832
1667597919
1667765177
1672033029
1675218480
1679468997
1683099874
1684292893
1684538818
1684806814
1685109179
1686831340
1693033139
1696801946
1697721351
1698582509
1698716787
1702078083
1707059037
1707952339
1708473412
1709088043
1710131562
1710428393
1713166228
1715658320
1717425358
1724842023
1726773105
1728322686
1728748766
1731312135
1735238291
1737510643
1741196998
1741659954
1746103776
1748155212
1749858631
1750485500
1751020736
1751703370
1752148121
1754440645
1756499862
1759754421
1760344559
1763180601
1764004899
1768400965
1771238967
1772591705
1772717345
1773540490
1774538963
1775082367
1776772258
1787451412
1788171165
1792618569
1793628927
1795291000
1796406345
1797472503
1799748058
1801157553
1801537747
1803458040
1807409340
1808320199
1809090105
1810091557
1810138853
1815078252
1815604161
1822239035
1823413231
1826128554
1828965723
1829662019
1834602804
1837900066
1839226130
1840433716
1844950058
1846464083
1846752498
1848705157
1849468699
1849700402
1851519094
1855525869
1857668470
1858437184
1859804929
1861525009
1862504676
1863925058
1875809204
1876462412
1877839484
1882132209
1886612406
1889209985
1889365626
1891501247
1891984663
1892193490
1893430936
1896147140
1896855425
1896999810
1901548698
1910031137
1912467389
1916030373
1917903085
1919373926
1919590422
1920698922
1922849469
1925507592
1926608140
1927237942
1931208021
1932007345
1933989370
1940418122
1941091579
1945671311
1953703751
1954798136
1958388873
1959202314
1961619763
1963363290
1964612034
1967562725
1968321233
1972116273
1974902071
1975221879
1975584784
1975790853
1977466696
1978894735
1983838230
1985007884
1987850905
1988534753
1988697842
1990550954
1994415997
1995999896
1998443655
2000049953
2003144169
2003606269
2011090219
2011358753
2015975839
2016710094
2016769450
2020997834
2021298622
2022613804
2025782759
2027859620
2028033346
2033864635
2034862903
2037981736
2039281205
2040636094
2041184370
2041241796
2042425598
2046335579
2048156840
2049023761
2049261449
2055477782
2058192370
2060760749
2060763277
2061493831
2062305154
2066736225
2073310071
2074573804
2075940722
2076669671
2078912216
2085576636
2086334857
2090406801
2090722057
2092236180
2092308188
2093586498
2094265898
2096173729
2096583397
2097124781
2097879769
2098585677
2100437592
2103168348
2106729688
2107239903
2110063851
2110294455
2111578272
2114325787
2116972905
2127351370
2135187002
2137903237
2139245601
2140654091
2141985085
2144983655
2146749393
2146931612
