2051436
28583662
35814485
41295817
44091769
78666704
79906255
81144321
134188131
245924124
250258949
255983708
273409071
276312076
294021443
318928027
329358426
356431177
381218910
412734712
435097882
448776445
510136240
520221255
539128170
574819449
611252209
645477641
646486599
648441401
680610637
691747343
697452751
699035394
705248558
716248053
720331005
816549621
826548436
843853577
903137840
910733467
940508042
970425814
972444465
1002639383
1030357495
1206158209
1213826620
1215878056
1221040829
1222065867
1223651877
1235346882
1240091893
1336566483
1436579058
1446484579
1452082333
1460043454
1476449560
1477369507
1478049575
1486326859
1500329516
1507159073
1508296964
1517723380
1522430368
1543462415
1558623365
1580672711
1623352934
1630666338
1651816935
1655920506
1685109179
1697721351
1746103776
1748155212
1749858631
1807409340
1848705157
1857668470
1862504676
1891501247
1896999810
1910031137
1912467389
1941091579
1953703751
1961619763
1972116273
1985007884
1988697842
2020997834
2027859620
2034862903
2042425598
2140654091