7504038
56788756
108930129
110828767
115432708
144314303
160782476
173480695
176185159
183689197
210994284
257197294
303000150
303333405
335430752
363757335
365842390
388791726
411410699
414162173
457039284
477428425
478162680
503871770
528195573
536963796
583583768
593164179
593595388
620460498
624118573
634807161
640876590
696376408
749806719
777253089
792799694
803991041
806491034
845728119
863279790
881315867
888819905
891481733
929026140
938035565
938504998
963932553
991412358
1004633926
1013182622
1019985312
1032067343
1040623053
1064065423
1071023813
1072509102
1082332613
1082349869
1099357433
1106308559
1142896110
1191129229
1191681265
1213551712
1214103748
1215549175
1386418375
1396249596
1457783271
1475468794
1483891071
1514544862
1526288895
1530869113
1536981068
1572735985
1580472991
1602097575
1630989220
1667270832
1713166228
1754440645
1839226130
1863925058
1876462412
1896855425
1901548698
1933989370
1995999896
2000049953
2011358753
2015975839
2016710094
2025782759
2055477782
2097879769
2144983655
2146749393
2146931612