31643742
41809252
43694050
51076134
95977907
101976384
119264392
153165624
159508137
173642392
245156588
255762718
258969643
269620299
273274613
286652296
302927949
318548212
335742461
368900322
434563417
455915889
470868625
474921069
516633960
555154122
571881428
585319210
592996261
605063222
610623863
640566678
691387970
748516216
760214921
763580257
787892314
791858663
794720768
836530020
857614676
890916984
893332115
910705662
965550579
970043365
1011599492
1012682047
1031257068
1052732900
1061528486
1063758181
1064599822
1081373064
1101953170
1216322919
1227875119
1249480780
1283650347
1295960785
1300877368
1303670338
1318734379
1331148785
1339385196
1352430633
1357715888
1367176592
1381040743
1427337156
1451602891
1486440985
1487172958
1503701923
1511821635
1529267377
1552065380
1621662328
1631086028
1646243630
1657933408
1661431335
1683099874
1686831340
1717425358
1760344559
1774538963
1815604161
1846464083
1886612406
1917903085
1919373926
1931208021
1987850905
2060760749
2074573804
2092236180
2096583397
2107239903
2114325787