43782971
62837120
64845241
84644779
99115087
122064088
134950014
143188061
181616615
182753769
206035281
227890179
250035615
279036009
290952870
302616807
350803879
388789050
409526314
410672950
451528627
456154190
504792776
511289510
516373868
540798969
552714376
555012429
565056091
585932752
589206904
685211602
687664390
691405858
716913979
735190199
737487266
826254498
834305286
860791357
876885623
918319173
922949260
926263324
941871297
1024013023
1035270511
1040383261
1120938330
1124742911
1144772423
1176299705
1190597602
1199074121
1273872177
1275989169
1303364703
1311738311
1312693134
1347147674
1355408455
1360864064
1398053257
1402506634
1409984794
1414399365
1442564539
1446664073
1492727572
1575039147
1591601409
1593875640
1627082899
1693033139
1702078083
1707952339
1708473412
1728748766
1731312135
1810091557
1829662019
1837900066
1849700402
1858437184
1859804929
1861525009
1875809204
1958388873
1959202314
1964612034
1967562725
1975790853
2003144169
2003606269
2011090219
2037981736
2040636094
2110294455
2139245601
2141985085