42480211
59516718
72016971
117098556
190927453
249771125
277695360
299524415
324249292
339786704
339920533
348442842
382449995
396861513
435131788
449807561
478686830
489652397
504458987
548426963
591980774
626059241
670195192
727502921
730770489
745474370
778808415
779311508
838828226
844137875
894514363
896410065
910362940
932331462
950951998
977090783
983558751
987489878
1041387028
1100708350
1104818310
1141986553
1160517803
1214003524
1214302338
1215693263
1223858705
1262973124
1264661204
1265912218
1311031191
1320486455
1330466351
1337455144
1373553695
1408057020
1426771444
1436773406
1470197117
1481907086
1491948865
1491997698
1504256329
1505163354
1536834657
1551766622
1609617993
1610555607
1623309548
1675218480
1684292893
1726773105
1735238291
1741196998
1741659954
1751020736
1756499862
1772717345
1797472503
1801537747
1810138853
1844950058
1896147140
1968321233
1998443655
2041184370
2075940722
2092308188
2093586498
2094265898