20923065
26107800
52717177
62737113
73701645
82869391
85372705
88844913
103372934
124299422
154273185
154449068
170869199
211367220
219998044
244570845
251616622
303419021
377166555
384509534
435736980
464550271
479588024
484542505
503382105
504914117
522724791
526903817
532305201
537320685
664897915
680094504
699008651
712049324
740771106
744181374
746901861
751829046
756508050
768462271
774130522
810271523
837818862
839017916
842403573
911413352
942019584
956393866
990966430
997451605
1040789523
1064042226
1069388893
1084174504
1125109183
1126779340
1128995601
1148702472
1163558923
1172982697
1177826361
1184287092
1203922769
1215624253
1218207249
1280799178
1288333454
1291908895
1297282119
1405669022
1417220981
1432658503
1456230698
1460915031
1470464696
1536479740
1628588201
1646801544
1658315213
1667597919
1709088043
1710131562
1710428393
1715658320
1768400965
1792618569
1795291000
1809090105
1834602804
1855525869
1919590422
1963363290
1974902071
2022613804
2049261449
2061493831
2066736225
2090722057
2127351370
2137903237