748516216
787892314
31643742
470868625
1052732900
1529267377
1283650347
318548212
857614676
592996261
1717425358
455915889
610623863
153165624
605063222
1249480780
434563417
571881428
890916984
258969643
1886612406
159508137
1919373926
1427337156
1367176592
1064599822
1760344559
1352430633
555154122
1646243630
760214921
1303670338
286652296
791858663
1774538963
1339385196
173642392
910705662
1657933408
1031257068
1503701923
1227875119
1487172958
2114325787
1381040743
2092236180
1216322919
1815604161
516633960
2107239903
2074573804
255762718
119264392
1846464083
1683099874
1486440985
763580257
1295960785
691387970
1318734379
794720768
1451602891
474921069
1081373064
95977907
101976384
273274613
269620299
1012682047
1931208021
1300877368
368900322
1011599492
640566678
335742461
245156588
585319210
1552065380
2060760749
1101953170
1511821635
1987850905
1357715888
1631086028
1686831340
893332115
970043365
302927949
41809252
1661431335
1621662328
836530020
965550579
2096583397
1917903085
1061528486
51076134
43694050
1331148785
1063758181
1974902071
484542505
1432658503
839017916
1125109183
1768400965
1084174504
1710428393
1172982697
997451605
664897915
537320685
837818862
2022613804
20923065
377166555
768462271
990966430
680094504
810271523
504914117
154273185
1646801544
1470464696
103372934
1417220981
384509534
154449068
1460915031
1715658320
1218207249
1288333454
52717177
503382105
2127351370
1177826361
124299422
1064042226
740771106
1297282119
2061493831
1405669022
1834602804
751829046
1280799178
1855525869
1128995601
2049261449
699008651
1809090105
712049324
1203922769
1963363290
211367220
526903817
2066736225
1628588201
911413352
73701645
942019584
479588024
1291908895
82869391
532305201
1795291000
62737113
1710131562
1919590422
1126779340
303419021
1069388893
1040789523
1709088043
756508050
1792618569
842403573
464550271
774130522
744181374
1163558923
435736980
1456230698
219998044
251616622
1667597919
746901861
170869199
1148702472
1658315213
244570845
2090722057
2137903237
1536479740
26107800
522724791
1184287092
88844913
85372705
956393866
1215624253
388791726
2025782759
108930129
2097879769
634807161
1901548698
792799694
1099357433
528195573
1536981068
115432708
963932553
845728119
335430752
1215549175
365842390
1082332613
1386418375
1514544862
593164179
1630989220
1457783271
583583768
1019985312
1483891071
1106308559
56788756
1572735985
1191681265
1013182622
640876590
1580472991
891481733
749806719
1530869113
1526288895
503871770
176185159
478162680
1032067343
1713166228
593595388
1995999896
411410699
929026140
1064065423
777253089
2011358753
303000150
144314303
457039284
1933989370
1602097575
1040623053
806491034
938504998
2146931612
863279790
363757335
1191129229
1876462412
1004633926
624118573
620460498
1754440645
7504038
2146749393
110828767
183689197
477428425
1142896110
1896855425
1071023813
991412358
160782476
2000049953
2055477782
938035565
1863925058
210994284
1082349869
173480695
2144983655
536963796
1214103748
803991041
1475468794
1213551712
1667270832
1839226130
257197294
1396249596
696376408
881315867
2016710094
303333405
888819905
2015975839
414162173
1072509102
345920616
1557058283
821880880
1416944429
400986994
982663356
1269510734
308981128
1920698922
985952145
519975412
855565143
1159432840
517475419
1392528939
226052940
1321466461
720514085
1439604652
841253645
412256567
1696801946
90019593
1108632975
430634165
2106729688
1411966381
1319454070
1975221879
1826128554
244479525
173658848
1235703189
1066360405
1590603277
1636690183
2049023761
712630364
1945671311
1822239035
1698582509
318163076
530320530
710531701
835638495
1922849469
936584641
9621308
495879907
228705645
850874953
908136474
1925507592
940894547
2016769450
208658109
900140587
1281252183
1528112180
727878818
959897089
1772591705
901537666
48116630
691468462
344657296
1684806814
593008575
1057287660
1482994477
267763963
608386521
1801157553
798084493
1318918222
489312401
573450315
108019215
498933709
1069330222
336724860
1349808663
1977466696
114748804
143219562
1846752498
323406914
1043360149
980521033
1851519094
1771238967
1940418122
1476627151
525292986
1988534753
20611965
869950282
1525857919
613620540
1927237942
861368748
881384503
388140815
515042654
1679468997
1707059037
1004355055
105435664
1815078252
1503288764
1174765886
4319464
705613779
1004748934
119068269
848833341
704017785
442475183
1892193490
1684538818
146510629
1515948810
1477473293
1623137780
2041241796
1318524398
1643749745
763708430
696898669
109886637
543462724
1558267417
991271141
931603539
2073310071
523256490
491178928
930181478
628692154
158773532
285986595
1803458040
163092996
991600374
660723326
282161265
1840433716
1364741111
724636448
1585143558
901796282
871147077
953608720
231785927
346801209
847366868
1550310325
1990550954
1611075298
99725346
2100437592
7054374
1657992763
944225085
938657913
1583819187
1467481575
1429836841
366517017
2096173729
1588610373
652503612
1752148121
1751703370
1644103987
265387799
2033864635
1337054055
1630128911
611017436
774713965
384441545
1482164513
1728322686
616227472
1828965723
428205906
19054149
1672033029
2039281205
118779495
1624986973
2046335579
1776772258
421728410
837509845
1213107797
1889209985
119863038
1579624815
1837900066
1708473412
84644779
1442564539
1312693134
1728748766
1707952339
1199074121
918319173
1190597602
1810091557
1693033139
1575039147
1144772423
1273872177
43782971
826254498
1702078083
62837120
350803879
1593875640
181616615
1975790853
1492727572
1958388873
250035615
182753769
1024013023
2139245601
302616807
456154190
1829662019
2011090219
540798969
1124742911
1176299705
122064088
685211602
227890179
1040383261
1875809204
2037981736
585932752
1303364703
1035270511
1859804929
1347147674
1861525009
1414399365
1409984794
64845241
860791357
1591601409
2040636094
206035281
1402506634
143188061
388789050
279036009
134950014
691405858
735190199
1964612034
555012429
1275989169
941871297
1731312135
1398053257
1627082899
1959202314
290952870
1355408455
1849700402
876885623
511289510
737487266
589206904
1858437184
451528627
2003606269
1120938330
516373868
716913979
565056091
409526314
922949260
1967562725
552714376
1311738311
99115087
687664390
2003144169
834305286
504792776
410672950
2110294455
1446664073
2141985085
1360864064
926263324
1953703751
1651816935
134188131
1655920506
381218910
645477641
245924124
970425814
356431177
697452751
826548436
1477369507
1213826620
1543462415
2042425598
1623352934
318928027
1862504676
28583662
1630666338
1961619763
716248053
1486326859
648441401
1221040829
1896999810
611252209
520221255
1891501247
1972116273
1446484579
1697721351
1476449560
1580672711
1206158209
1857668470
78666704
1452082333
680610637
435097882
2051436
1507159073
1912467389
1215878056
903137840
1807409340
691747343
1222065867
1522430368
720331005
705248558
1336566483
1436579058
44091769
1985007884
510136240
1941091579
448776445
1030357495
1685109179
273409071
329358426
1235346882
1749858631
1910031137
294021443
1460043454
1988697842
1746103776
2140654091
276312076
1748155212
1500329516
41295817
816549621
255983708
1848705157
1508296964
1478049575
1223651877
81144321
35814485
412734712
1517723380
79906255
250258949
2027859620
2020997834
699035394
910733467
1558623365
972444465
1240091893
646486599
574819449
1002639383
940508042
2034862903
843853577
539128170
2028033346
1120165653
139799735
1380879214
1161461470
956349356
1636862922
862682980
317162672
967428849
2086334857
398306993
1003243335
351585922
1916030373
1083149590
601844871
1796406345
956663776
1300880265
559656164
367803494
125841083
1799748058
1014290093
700660532
654903793
1954798136
588039787
1498757370
346442658
468589485
471439375
486242393
1849468699
1632900845
1442591749
1338847973
348100177
1759754421
158793174
286951387
10577767
1162036509
638537309
1926608140
97702451
1240382180
1575530838
1054366228
393778797
2135187002
1422169722
519619880
1787451412
288976167
1220280412
294871557
96290655
1808320199
1793628927
442733314
129426036
117584654
928975707
1978894735
1750485500
224083809
1170259060
2098585677
1983838230
1329052235
238053416
1994415997
343605096
876590725
1773540490
441307548
2116972905
1201587680
1495673776
363268055
1189291034
770359850
882887935
829258799
1059336017
2103168348
1124130356
1155626673
1764004899
770275636
1598359987
1893430936
887860290
379852046
1724842023
490862142
603935855
747617436
441964172
440290438
2076669671
680017588
287222787
272791119
1556608314
2060763277
714098667
1526097571
1114867309
62288795
1889365626
156674696
832648645
624769914
985933495
1891984663
580454614
2110063851
900127688
196975865
732855839
351004027
2090406801
1620716130
730856073
1667765177
2111578272
1334791929
267898965
406058796
1775082367
197084988
1086076385
2062305154
469876107
495201051
1975584784
1183974775
2021298622
942968445
1246263570
1763180601
1099643141
2078912216
240466867
2085576636
1823413231
820921481
2048156840
576057271
1017897346
633529031
927061298
960820500
106761513
1657917371
481102029
70856138
845225652
749000994
476914934
472824371
946085982
1562991319
387645878
1415962089
2058192370
215747014
452453216
1932007345
1158715459
1698716787
1547704298
110874953
1630145355
1788171165
48967941
1306074938
461608998
2097124781
1882132209
1479506344
583170165
661709859
292843196
689931678
172143582
773945225
760787816
1017369235
1522946219
1237702751
1490193606
321548553
653210422
1877839484
1737510643
563919145
2093586498
42480211
348442842
1104818310
1741196998
1896147140
1215693263
1223858705
1536834657
1264661204
382449995
1998443655
1214302338
117098556
1330466351
1797472503
778808415
1623309548
339920533
950951998
249771125
1100708350
1968321233
1772717345
190927453
1311031191
2094265898
844137875
1041387028
1684292893
1408057020
987489878
1726773105
1756499862
2092308188
1320486455
1505163354
1160517803
396861513
894514363
277695360
779311508
745474370
1491997698
896410065
2075940722
1141986553
1675218480
1551766622
1481907086
478686830
1801537747
435131788
299524415
1426771444
626059241
1610555607
1373553695
1470197117
504458987
910362940
730770489
1491948865
489652397
339786704
1436773406
1810138853
1844950058
449807561
59516718
591980774
727502921
838828226
1337455144
72016971
1735238291
1265912218
1214003524
1262973124
670195192
548426963
1741659954
324249292
983558751
2041184370
1751020736
1609617993
1504256329
977090783
932331462