4319464
7054374
19054149
99725346
105435664
109886637
118779495
119068269
119863038
146510629
158773532
163092996
231785927
265387799
282161265
285986595
346801209
366517017
384441545
388140815
421728410
428205906
442475183
491178928
515042654
523256490
543462724
611017436
616227472
628692154
652503612
660723326
696898669
704017785
705613779
724636448
763708430
774713965
837509845
847366868
848833341
861368748
871147077
881384503
901796282
930181478
931603539
938657913
944225085
953608720
991271141
991600374
1004355055
1004748934
1174765886
1213107797
1318524398
1337054055
1364741111
1429836841
1467481575
1477473293
1482164513
1503288764
1515948810
1550310325
1558267417
1579624815
1583819187
1585143558
1588610373
1611075298
1623137780
1624986973
1630128911
1643749745
1644103987
1657992763
1672033029
1679468997
1684538818
1707059037
1728322686
1751703370
1752148121
1776772258
1803458040
1815078252
1828965723
1840433716
1889209985
1892193490
1990550954
2033864635
2039281205
2041241796
2046335579
2073310071
2096173729
2100437592