48967941
62288795
70856138
106761513
110874953
156674696
172143582
196975865
197084988
215747014
240466867
267898965
272791119
287222787
292843196
321548553
351004027
387645878
406058796
440290438
441964172
452453216
461608998
469876107
472824371
476914934
481102029
495201051
563919145
576057271
580454614
583170165
624769914
633529031
653210422
661709859
680017588
689931678
714098667
730856073
732855839
749000994
760787816
773945225
820921481
832648645
845225652
900127688
927061298
942968445
946085982
960820500
985933495
1017369235
1017897346
1086076385
1099643141
1114867309
1158715459
1183974775
1237702751
1246263570
1306074938
1334791929
1415962089
1479506344
1490193606
1522946219
1526097571
1547704298
1556608314
1562991319
1620716130
1630145355
1657917371
1667765177
1698716787
1737510643
1763180601
1775082367
1788171165
1823413231
1877839484
1882132209
1889365626
1891984663
1932007345
1975584784
2021298622
2048156840
2058192370
2060763277
2062305154
2076669671
2078912216
2085576636
2090406801
2097124781
2110063851
2111578272