10577767
96290655
97702451
117584654
125841083
129426036
139799735
158793174
224083809
238053416
286951387
288976167
294871557
317162672
343605096
346442658
348100177
351585922
363268055
367803494
379852046
393778797
398306993
441307548
442733314
468589485
471439375
486242393
490862142
519619880
559656164
588039787
601844871
603935855
638537309
654903793
700660532
747617436
770275636
770359850
829258799
862682980
876590725
882887935
887860290
928975707
956349356
956663776
967428849
1003243335
1014290093
1054366228
1059336017
1083149590
1120165653
1124130356
1155626673
1161461470
1162036509
1170259060
1189291034
1201587680
1220280412
1240382180
1300880265
1329052235
1338847973
1380879214
1422169722
1442591749
1495673776
1498757370
1575530838
1598359987
1632900845
1636862922
1724842023
1750485500
1759754421
1764004899
1773540490
1787451412
1793628927
1796406345
1799748058
1808320199
1849468699
1893430936
1916030373
1926608140
1954798136
1978894735
1983838230
1994415997
2028033346
2086334857
2098585677
2103168348
2116972905
2135187002