9621308
20611965
48116630
90019593
108019215
114748804
143219562
173658848
208658109
226052940
228705645
244479525
267763963
308981128
318163076
323406914
336724860
344657296
345920616
400986994
412256567
430634165
489312401
495879907
498933709
517475419
519975412
525292986
530320530
573450315
593008575
608386521
613620540
691468462
710531701
712630364
720514085
727878818
798084493
821880880
835638495
841253645
850874953
855565143
869950282
900140587
901537666
908136474
936584641
940894547
959897089
980521033
982663356
985952145
1043360149
1057287660
1066360405
1069330222
1108632975
1159432840
1235703189
1269510734
1281252183
1318918222
1319454070
1321466461
1349808663
1392528939
1411966381
1416944429
1439604652
1476627151
1482994477
1525857919
1528112180
1557058283
1590603277
1636690183
1684806814
1696801946
1698582509
1771238967
1772591705
1801157553
1822239035
1826128554
1846752498
1851519094
1920698922
1922849469
1925507592
1927237942
1940418122
1945671311
1975221879
1977466696
1988534753
2016769450
2049023761
2106729688